no skeleton
Accuracy: 0.7228381374722838
Confusion_matrix:
[[47  1  0  0  0  0  0  0  0  0]
 [ 1 31  7  1  1  0  1  1  0  1]
 [ 0  5 20  5  2  0  1  2  1  0]
 [ 0  3  9 31  3  0  1  0  2  1]
 [ 0  4  3  2 30  0  4  0  1  1]
 [ 0  2  0  0  4 31  2  2  4  0]
 [ 0  1  0  1  1  3 29  2  5  4]
 [ 0  2  3  0  1  6  5 31  4  0]
 [ 0  0  1  1  0  2  2  3 38  0]
 [ 0  0  0  0  0  0  0  0  0 38]]

              precision    recall  f1-score   support

           0       0.98      0.98      0.98        48
           1       0.63      0.70      0.67        44
           2       0.47      0.56      0.51        36
           3       0.76      0.62      0.68        50
           4       0.71      0.67      0.69        45
           5       0.74      0.69      0.71        45
           6       0.64      0.63      0.64        46
           7       0.76      0.60      0.67        52
           8       0.69      0.81      0.75        47
           9       0.84      1.00      0.92        38

    accuracy                           0.72       451
   macro avg       0.72      0.72      0.72       451
weighted avg       0.73      0.72      0.72       451


skeleton:
Accuracy: 0.7733333333333333
Confusion_matrix:
	[[47  2  1  1  0  1  0  0  0  0]
 	 [ 7 44  0  0  0  0  0  0  0  0]
 	 [ 2  2 25 12  1  0  2  1  1  0]
	 [ 1  0  6 30  4  1  0  0  1  1]
	 [ 0  0  0  4 32  0  0  0  3  0]
	 [ 0  0  0  1  0 39  2  1  1  0]
	 [ 0  0  0  2  0  1 29  3  1  1]
	 [ 0  0  1  1  1  2  2 34  4  0]
	 [ 0  0  0  5  3  2  5  7 28  0]
	 [ 0  0  0  1  0  0  0  0  1 40]]

              precision    recall  f1-score   support

           0       0.82      0.90      0.86        52
           1       0.92      0.86      0.89        51
           2       0.76      0.54      0.63        46
           3       0.53      0.68      0.59        44
           4       0.78      0.82      0.80        39
           5       0.85      0.89      0.87        44
           6       0.72      0.78      0.75        37
           7       0.74      0.76      0.75        45
           8       0.70      0.56      0.62        50
           9       0.95      0.95      0.95        42

    accuracy                           0.77       450
   macro avg       0.78      0.78      0.77       450
weighted avg       0.78      0.77      0.77       450


